-11039 
-33117 
-55195 
-77273 
-99351 
-121429 
-143507 
-165585 
-187663 
-209741 
-231819 
-253897 
-275975 
-298053 
-320131 
-342209 
-364287 
-386365 
-408443 
-430521 
-452599 
-474677 
-496755 
-518833 
-540911 
-562989 
-585067 
-607145 
-629223 
-651301 
-673379 
-695457 
-717535 
-739613 
-761691 
-783769 
-805847 
-827925 
-850003 
-872081 
-894159 
-916237 
-938315 
-960393 
-982471 
-1004549 
-1026627 
-1048705 
-1070783 
-1092861 
-1114939 
-1137017 
-1159095 
-1181173 
-1203251 
-1225329 
-1247407 
-1269485 
-1291563 
-1313641 
-1335719 
-1357797 
-1379875 
-1401953 
